2007 -0,083 0,075 -0,570 -1,035 -0,612 -1,198 -2,631 -0,108 0,031 -0,434 -0,984 1,929
2008 1,208 1,147 0,587 -0,873 -0,490 1,348 0,320 0,087 1,386 1,215 0,920 1,194
2009 0,963 0,456 0,605 0,029 -0,733 -0,470 -1,234 -0,686 -0,017 0,085 -1,915 0,607
2010 -0,757 -0,775 0,108 0,377 1,021 2,071 2,424 1,510 0,402 1,335 1,516 0,205
2011 0,052 1,074 -0,296 -0,870 1,266 -0,099 -1,384 -1,202 -1,250 0,388 -0,908 2,573
2012 1,583 -0,283 0,275 0,666 0,153 -0,197 1,259 0,489 0,562 -0,444 -1,701 -0,764
2013 0,071 0,716 1,375 0,611 0,360 -0,271 0,945 -1,561 -1,658 -0,458 0,189 0,061
2014 -0,683 0,322 0,467 0,614 -0,445 0,841 0,247 -0,059 -1,119 -0,039 -0,519 1,322
2015 0,675 1,217 0,773 1,029 0,416 0,711 1,678 1,062 0,542 -0,170 0,695 -0,059
2016 1,392 1,093 2,038 0,097 0,012 2,565 0,407 -0,739 2,333 -0,177 -1,508 -0,711
2017 -0,982 -0,015 0,156 0,619 1,053 0,546 0,728 0,764 1,296 -0,568 0,771 0,984
2018 1,275 1,041 0,141 -1,166 -0,077 -0,012 0,377 -0,343 1,458 0,530 0,991 0,930
2019 0,677 -0,500 0,745 0,336 0,335 1,465 -0,390 -1,080 0,563 -0,925 -1,840 -1,360
2020 -0,231 0,275 1,426 -0,475 0,577 1,071 -0,546 -0,720 0,194 1,264 0,813 1,481
2021 1,045 1,344 0,086 0,827 0,314 1,179 -0,460 -0,227 1,336 0,453 1,321 2,155
2022 0,825 0,643 0,558 0,532 0,096 -0,871 0,447 0,731 1,469 0,330 1,713 1,700
