0
1.0868100024719711
10.74744201072137
-4.664991077792025
-17.368496301459388
1.7060211751706644
14.249895929406762
10.027544070892008
11.103739509455028
-17.178314318734827
-17.535718746291913
-11.290563134096212
1.844963129046989
11.985826256971588
15.799728331227485
-10.537123535069577
-13.144470044006518
-6.3968762368037915
19.91248191590231
5.305683179483393
0.6195607176319963
-4.3609705870834015
-19.20081886305944
9.305989718744017
1.4971989431388857
2.9223534915977014
5.5865171921279835
-1.3365714600101157
-22.668216536902932
-19.0414176508173
14.42793452537372
16.399632616247953
-9.950380779596205
-13.259951269931916
-23.50749803392446
-5.648099630036821
-4.393277576995063
18.615929612112286
14.860351840722346
8.131379841668972
-20.625949084987415
-16.6044511658107
8.972291757697276
19.70724359141242
6.169381945805209
-18.61447484805122
-34.32343905662391
-17.536016847175286
14.93781922826359
17.58594832074413
12.731423881474567
3.749829257705706
-22.254627035086184
-12.93058748655629
17.13970780080353
17.5551402940675
9.869091906179067
-22.54901274954782
-35.51012981169287
-9.728212584071633
1.3574199233287245
23.978425810937683
22.18717189774721
-0.31198488873041785
-31.793481250173393
-22.316044972926587
12.527151456101823
27.05141331635578
2.816855893121499
-22.935523493671994
-24.292657584609426
-1.2235697393288623
13.788417775509279
24.36224708708474
14.311722975770541
-24.038953747864966
-30.2726347970881
-11.458860740869895
3.6374310340148934
16.758048248127682
7.062199020699605
-3.8661388414885325
-23.34603207971112
-14.049016696952288
52.378799453365325
41.82046060790708
3.02067326664963
-35.68642437881573
-31.344231467909125
-15.799266610214108
13.497545408608351
16.121714795438887
-13.31327526699586
-26.733124639737472
-8.367149740987218
-9.582677446109253
6.137773933873029
23.096003836165366
25.960137025948306
15.536644727732682
-31.094785317056978
-25.17064509308798
14.299070560182725
24.623817840219406
-2.936544521297994
-12.636880472759275
-21.791498028297493
-26.80139509262616
18.283429696880575
34.30644108798727
38.9070337997197
-30.91063761245598
-25.182352980614805
-0.9353602730141248
28.412513288217074
18.866352395351978
-16.249491407525248
-20.097106611242754
-44.83087965751526
-26.275982855192115
19.36223369751518
43.01374350974892
35.51643895005911
-1.8517159962645047
-38.26514547624065
-16.51910335512384
16.770579626886672
17.034430135442086
-7.262476762279109
-21.54424254771524
-36.36181201835235
-21.425087185501237
22.49648051884246
31.2259691966745
42.37523685244592
-4.2480817999240506
-18.048462891122686
-22.23009584614027
33.51108446377255
45.43358609322023
16.91437727994063
-34.157701539545236
-40.32944188715125
-21.88221216342099
-4.048253539439385
26.419793723727636
31.803616631844527
-27.427090788999948
-33.46322967375712
-16.492491660490757
3.716519723595286
36.750887339817446
19.564571802309185
-11.867512304369146
-16.518729086887525
2.890439865383096
12.289053539996194
42.76075379283767
27.341283927542452
13.870897957906648
-66.57264550594292
-39.151403813570056
13.58945296742603
50.64510093040954
-1.637651360514876
-17.232318785070326
-29.55413913272697
-16.01320384636078
12.40062415392871
28.627135063599855
-0.25349254122864245
-5.934659682399475
-39.01197387776431
-13.155590456893957
34.43115776905574
33.78480201911081
8.008592410660878
-25.10530881714555
-36.189125754324756
-19.41123803696997
32.86980594904724
55.63875200057292
5.708757250334394
-25.188855893158067
-42.33639534085324
1.0895330833865566
63.59541858381099
33.02730170585781
1.9956851361056682
-36.07282354599992
-48.652720358431885
0.15544329391887193
45.59612443093046
